180801
486159
256830
354483
681720
496871
515101
48090
784073
576540
661073
821070
60552
376315
259362
154858
736246
565334
300906
798445
776925
51445
754237
701805
689264
741314
382672
966431
870557
125629
333163
880824
402317
630501
783791
479208
683248
386839
137253
566488
230456
750968
996812
606133
560294
919045
376261
958091
643651
340809
181418
116054
124021
369237
407172
360029
836157
910918
408096
784389
622846
823335
124715
248510
821291
10515
923652
672503
264723
918414
554799
786525
893780
757041
839809
63214
225661
388615
926946
728814
245807
786696
802421
84952
260017
689646
656243
451310
395882
837678
974283
654934
501716
148033
72784
834356
484339
244179
430670
881093
566476
984263
495874
254801
484033
640963
588573
618720
198016
476229
313186
172988
357199
466249
497537
458132
249084
909106
312730
54908
882293
186851
972615
251994
995174
477240
138829
684958
473783
457254
910144
321091
949965
539104
217237
371970
109319
889950
526106
713211
625892
286574
132497
678332
687966
687502
443151
765406
209160
216127
662288
33860
632629
422576
263431
35469
120931
3595
451335
845651
715116
150847
417496
212515
715482
566654
754528
739682
203999
75224
837873
851306
98129
13860
167110
925705
475170
556515
747764
109242
288118
644015
10138
766554
212428
292328
658332
350564
464921
59715
685067
840192
330438
774094
495451
70377
240991
517603
290987
557340
763801
492647
491654
494703
809353
761008
921685
515668
900038
861174
898232
270687
378891
431396
962373
317324
275288
207276
923718
309513
762755
415094
990870
37868
909685
684888
872900
93097
535084
267763
256117
873390
788570
993362
723401
598672
808620
223958
862016
255406
57074
928664
219602
680747
138057
413104
202160
231568
855393
125213
607909
230610
115319
818745
868460
912374
300629
123840
763388
900808
173229
190268
223628
791760
807591
64860
380722
129285
581777
480901
899599
473276
304857
922035
391169
355630
120809
577919
893263
321742
538916
709569
281549
552637
296134
450811
851410
757460
731236
950706
629471
533195
892215
922317
586126
735978
100365
868930
751044
542628
671414
654356
281947
591727
119793
794531
862713
128629
567717
492925
879622
21191
704203
233607
586831
765369
160439
198569
7022
154240
611147
903074
818403
76126
113362
158657
800075
152204
522956
764031
569896
257310
322425
55204
665949
133691
411987
773092
439620
252117
404103
853695
164111
389232
496903
539435
273992
825758
316045
667887
627688
355700
556740
884243
8090
50400
896333
903800
541951
605219
708620
174509
438840
736687
11316
519125
163804
651720
84162
921615
902235
232906
703174
489248
511504
597843
495435
467251
707325
325529
109007
270983
333420
230395
37643
323816
639197
953130
399935
571270
140873
541333
242278
301401
854585
921115
776681
936923
146848
287267
605336
736936
8045
55867
850696
267166
668139
596950
905955
214750
453692
111639
251825
14489
681782
593834
321615
245808
983277
606227
469824
630743
692017
933436
790791
509419
401490
792828
525588
8328
783037
614561
539624
518754
65401
402328
355843
493652
636017
248645
908153
954189
780553
488958
172976
87451
520311
111937
5024
332941
305716
908300
884319
159909
130252
156695
216145
206164
381106
774731
243156
919455
637956
218008
263835
564791
57218
222336
437658
494882
788129
764807
851983
476506
303242
778668
714721
897270
80056
248682
872078
462591
579977
85853
317047
366445
183531
369169
860385
794054
465189
513795
871970
15402
999481
448365
468042
735965
578059
642788
499725
427454
625609
451385
585684
831903
547467
956701
740690
975209
174377
812887
422305
829476
673599
861655
21773
623411
548310
963507
624461
366224
209834
484710
373808
119544
737158
465120
954409
717617
771289
870592
778309
534515
917989
129685
894132
390277
552539
187744
559776
672555
771452
550754
3757
47225
179171
780028
67391
602718
906640
835927
119593
531200
832481
763690
319441
335328
860828
428397
738502
96522
416186
51192
814886
375315
983800
222937
384610
124520
531646
338242
966550
502388
946169
938702
652963
842337
881062
510646
322290
54517
168591
570260
63267
885817
228491
902739
903040
433524
30244
195158
102838
925164
555196
674149
991787
712416
390415
339353
433537
285760
296541
884916
583875
704221
157618
484801
455010
927882
159814
31017
174831
799335
817817
120997
117409
53901
994711
411386
316419
486802
535886
469309
88125
363667
287366
850466
65626
500731
99257
468342
185618
276203
703427
106064
67160
446305
828063
685111
792605
392450
646458
990430
433584
717307
406847
407904
915726
359834
933545
942704
415004
639819
923381
905587
799336
775095
372440
963210
76801
156776
471644
380394
456743
9413
122931
199113
512442
905369
144106
771926
488922
96649
162158
267222
240409
108223
711406
278717
696835
988372
981385
169182
95919
433821
25663
644523
389422
78329
308692
281721
139916
188558
203145
77332
216509
241284
220430
443094
257998
880977
761887
599033
767317
223920
746262
50821
997341
523244
381588
19221
690914
984695
453188
146280
861527
801961
460718
176173
671289
262920
258681
814405
380873
208566
121340
28155
540122
176658
676367
586111
731432
865325
927279
45800
777327
118680
1949
653744
690284
719759
743636
950384
872320
7613
692167
663963
820990
280486
64654
953614
118467
978543
208342
733296
140600
945775
78717
270339
432096
911866
678864
645202
360093
62720
31016
848820
519265
778955
118687
528979
579797
585829
164792
172689
751202
203917
779207
243926
19181
364634
676280
934447
27630
990528
642959
387773
748714
838972
132144
869574
289184
232369
223197
49018
421569
777633
961681
769462
431217
617301
775161
63873
33979
916795
302845
111865
56483
721133
865412
438014
516558
775947
473415
315626
215493
794484
121609
295047
74945
950368
952747
100129
361903
158125
97774
783579
24611
830496
773333
79289
993740
76064
464268
176965
303836
67189
466764
604000
992825
159642
129062
904281
360943
702037
309514
640836
822580
505434
549983
781207
268960
97078
625232
3639
69446
125440
731446
223068
60423
522793
324296
204404
90710
253629
249850
548380
318677
495258
293411
391884
383347
688669
611754
803506
166544
521412
242659
284310
411887
825890
189081
796813
992787
952865
469011
816257
959389
244689
497249
503095
267044
832624
230079
996047
395424
450118
206254
841565
81175
208131
494327
470873
631965
162313
505097
806383
453528
916929
317283
821427
432018
47385
339327
856473
605040
74284
438022
695317
860622
877896
799630
537325
384485
32166
179327
827704
650430
726976
788297
543966
600619
237075
826300
657623
829243
544108
445552
900751
362041
584419
144880
81751
87023
313964
827942
569534
603528
943336
389112
829191
466405
289535
774282
177153
649740
939166
514475
947554
805338
575787
662556
248511
406269
152021
747560
488531
161945
256198
801957
628100
787418
81222
583518
254888
511234
76908
370220
64437
110184
726498
878695
227104
760414
490212
779851
953478
698759
157541
139716
792902
64355
545705
16483
720989
957111
277148
77196
235483
160859
360074
190697
309699
64509
110759
916138
477898
355991
851796
200664
732077
845504
411340
170330
200250
739256
87093
927847
948284
981403
944937
547880
810203
355776
836539
854748
317490
369343
229847
582844
585164
719463
38059
650413
344877
815285
748308
36955
203497
91372
228604
89507
16107
55994
531804
321500
642276
112523
298253
480931
382542
547662
691239
324228
440448
316012
800056
694135
977554
938710
439250
602431
518539
841661
223977
198359
889683
223322
972406
813204
909690
983843
689972
583818
566971
48432
624911
184528
672088
795392
441471
337750
35666
253906
905979
650691
546824
777287
389606
808792
488914
805310
454945
461575
631783
769035
820234
324973
788926
501102
619303
967705
570138
588643
713924
556918
986417
424296
970919
115193
479894
774553
591864
464963
824131
17907
80992
97768
142129
112816
132445
526732
859752
306219
218732
727144
299439
425888
241634
867677
430331
987878
414822
22546
600959
545106
52133
732790
857633
825787
984856
997030
599773
163365
91310
269684
685307
884164
919275
148217
557246
256896
717903
550875
376154
332435
26545
120235
600893
721053
483871
895581
572673
992537
155212
351723
698141
676216
924723
241103
50595
797845
533411
837455
665116
232257
317120
50771
291578
640063
975199
110962
606097
943918
224374
494387
198376
369153
181890
189169
91319
852373
168509
743531
349926
685293
683389
762981
700354
339039
244115
241853
89728
963990
461992
374526
68963
148764
294611
7296
230272
411121
918128
942975
998350
535537
817107
697084
352517
464325
121689
84053
920249
62410
451153
291199
458602
915579
197520
292960
233363
831908
116484
454425
342325
325804
55555
782242
60289
936905
384778
614760
553717
768705
58588
155683
861874
642017
249383
530343
656601
786426
717353
38872
768649
579285
470568
555662
997926
534618
768153
910719
436673
755972
147327
882847
374635
441686
205508
970043
550321
327424
653087
11708
216428
572560
870704
875513
804881
731401
418060
777311
763621
794069
336785
848576
691044
959882
606267
676254
68444
895651
356029
577091
12994
139887
987746
923643
566659
945405
573143
779454
968650
459117
390829
820359
634859
512394
201304
432381
992598
262985
944775
958955
695693
373684
436657
384866
266591
250323
547942
688571
937688
387094
39545
551331
331719
237477
427812
855822
87561
754034
239461
457206
16511
316756
890147
308553
744010
352886
129702
823099
360813
259553
599254
961170
703027
200459
97852
859742
604625
29207
102674
45246
308778
666765
417829
65591
905007
692934
980018
661637
448862
983544
239810
646455
188476
999632
476105
236010
237397
216607
506558
635173
974081
476866
739201
142508
697404
484982
573105
528234
168466
485433
494707
282170
202138
222386
875798
466338
29460
639863
894855
177000
631547
181082
278914
992859
418478
868407
866684
872159
248051
882665
454064
315640
865454
419666
293442
429207
898924
114143
860730
193398
324826
524315
96194
238125
102482
76737
227124
552668
354480
217198
238920
258343
32976
18160
392810
653262
327116
905785
524051
824968
704356
428782
989291
77848
433951
814994
985704
527759
788535
16712
778584
110489
500423
853174
114657
15911
753868
955267
812439
802887
773872
696486
188567
913837
579281
467443
337042
554691
204137
323616
110858
745016
228544
994733
420759
194973
983939
995109
193398
537296
990805
607461
507893
145593
700826
169741
775826
118581
115039
714673
558835
366503
178240
785524
657199
774250
391551
349199
433209
991318
299052
890534
963082
161687
69509
932279
385236
828148
795052
68311
627472
600025
447225
145209
482935
507727
180637
662705
941061
906551
974854
858889
10153
942572
891737
394168
515287
661227
174130
646477
352744
74830
898474
827175
126607
477970
224818
259742
643079
418251
124078
842011
927915
705758
54337
151425
181382
361503
485508
579836
528707
744946
950771
38750
860011
310192
777321
910528
953555
791855
226122
177638
303939
315511
318875
25648
698508
859561
903383
779372
129293
889065
432723
965470
153293
197402
49538
97126
791606
742690
800298
762696
609250
712607
742989
188101
327750
809249
257287
67304
766972
953121
271471
201711
809281
251824
45260
422623
322168
885120
652181
296352
470594
589892
947417
196395
759010
548756
657354
771024
303826
835226
493756
398327
100975
867848
371904
424400
324836
247086
979704
532755
569216
302539
9126
329288
637187
443027
121261
401915
967640
995280
868310
597206
937119
602260
417837
601084
812177
385812
856636
323318
314284
115536
939831
667051
405753
191912
419342
135288
537536
496323
893343
297467
591958
917858
651298
185167
433503
787465
426604
124646
813645
321044
669715
196478
386835
686708
176888
596149
48674
63146
511452
830179
882272
202740
551492
848490
490700
980200
691015
407502
554544
523623
454730
134963
387083
746310
221683
451588
657023
626844
542840
676197
74360
597117
589959
860560
88066
512943
872428
867174
63976
543132
506538
190303
200424
806299
114502
462773
996094
842229
434698
795683
405772
910160
916012
976101
252721
176506
128902
474500
475236
543955
79060
216186
517574
781560
688073
404745
934922
888094
370249
471884
153704
986452
609185
801460
856392
143374
192805
84648
492798
346177
469379
971933
534372
704099
435092
280772
457125
9541
353475
14669
263924
138907
147860
921929
376424
236408
334428
335992
185656
1366
470462
732090
177822
663528
996366
852439
353909
666935
234965
593377
970639
474346
520190
539906
359649
194912
171039
408050
975721
376907
399664
187019
82984
310720
837867
708106
751150
664037
366812
200914
790907
426654
588615
44777
428895
425398
885075
243371
436031
223760
788040
764259
99529
469811
956349
912365
149367
931922
626671
385002
315294
472070
341485
231937
160650
468780
516559
281727
693219
909107
316467
355160
162655
933569
623039
901410
74987
605136
560825
650056
162741
791740
14621
41794
441269
682027
331824
120421
229122
357536
822510
165029
787750
784576
210633
645209
656226
771773
938385
288908
569001
653987
459989
989355
110936
131211
557686
43393
986427
514466
184343
834647
640928
284617
107857
536425
215976
572338
204996
702481
396696
913999
385709
815572
386999
962262
960253
451192
453190
889923
727313
57815
144238
818727
622899
317153
533425
376987
206593
780528
954016
211681
939928
393106
52546
569569
702718
411102
9612
659270
680021
758430
410291
758931
800709
10846
103156
785350
217665
475346
190436
306817
116845
98078
492919
455374
198781
614757
870911
858690
776575
90098
319602
488995
186540
286227
903701
404849
438100
50606
625548
434830
83218
891523
53109
327818
231755
716524
655407
26812
5397
217835
313526
251128
705426
504981
597689
538096
125615
44103
190997
775135
897019
44400
588991
734318
229318
545431
619943
313469
456156
384331
704158
535273
881271
122341
105962
263838
747177
447858
218828
894102
959106
153379
808284
400270
908738
611240
706578
286264
917561
127238
484741
613691
45149
163837
50899
294312
152187
826805
584966
148085
899312
456933
607292
221589
897303
230747
187596
890105
653073
676293
32658
91701
473178
371140
100353
815640
715133
777009
722747
825698
778787
641030
161685
106637
179162
41700
428251
509689
525960
539748
840559
112675
664823
905954
224207
998419
64232
223067
647802
604555
560458
241998
548230
512458
627045
850347
335323
872079
376075
608210
143065
281951
448723
389870
3941
231065
753040
74730
445882
19193
22678
747007
705944
538146
698688
591802
898242
4388
112468
688052
946960
570665
353031
84849
731627
398824
99469
272367
264617
183986
116413
96369
684894
191505
675830
812763
175729
455194
370176
605997
754724
937740
950076
990134
652387
650155
728296
862767
783272
322210
693567
220602
688682
309285
704876
589124
172100
659517
734900
135593
876932
489
535530
131782
255049
833491
444681
175116
325981
468023
498224
540901
497273
958353
945776
600207
993782
391456
887822
495454
645405
651739
626633
693415
68748
527295
83912
680261
495093
864059
795228
315136
875020
951821
734351
676444
722738
64769
197970
971349
353840
271945
351209
17312
205234
162061
11796
807330
668179
939347
862352
129148
253275
591484
771766
560838
689519
192850
879300
164013
292207
11492
867669
26515
839869
221196
220534
990315
736208
662823
711546
108503
328298
152881
195711
216546
983883
836878
996846
698277
704120
192770
535483
703521
289832
574212
127569
566203
136903
710062
492835
186881
16363
352972
353848
112514
34583
567070
116438
60797
651427
319444
775010
921350
641892
746585
502338
665679
433056
144421
876991
876731
641070
734908
416222
676749
106426
485597
148511
611282
30644
936115
189111
682547
486852
403877
174766
103321
149055
313310
884135
614507
591515
401254
348715
40439
623114
74640
669313
355256
684608
100266
837582
211983
979446
137349
151620
59963
100673
901037
160619
589986
392158
535451
704261
642459
368371
697089
791810
300483
893525
256125
520641
94810
20882
317098
242389
800837
776633
588539
924562
967084
477301
194637
777697
998882
258730
66152
374231
556496
597484
712294
320184
9211
636057
338937
727108
189652
468253
248618
718128
401147
345586
334996
368984
240285
266496
571984
921122
333514
184021
707675
605528
862341
167183
230607
691459
639850
186825
591293
949534
789965
324198
951636
937926
973396
453867
422975
211278
856438
202324
935525
118540
717847
621318
964953
733438
721871
855097
573351
541955
950747
282979
438320
966607
753280
906760
646375
940371
434822
385166
955718
375887
818401
387195
607308
939516
467110
591859
2440
613089
52380
929500
906569
687231
249617
491429
968442
887048
347386
97065
873227
562045
431588
508128
251211
196529
169808
601530
583920
832366
245595
968917
388616
671112
260201
315078
261412
665552
485501
498096
263491
514929
52391
660338
538215
9149
4506
32316
442124
771493
698160
461585
734993
282229
335644
555381
30558
826715
141574
280013
322968
348560
823922
160888
943455
344216
281314
253290
887206
506402
596977
37498
796304
353583
345347
378092
926284
729372
938161
819420
110144
664015
723525
748922
229426
196616
207733
490810
184807
353763
64543
185010
534202
337927
336033
517492
14900
433390
539196
294853
14313
137484
333406
196603
548428
361432
845069
403895
798448
591882
467811
163546
641487
196546
76029
23107
635592
906421
782474
68800
386912
601584
943752
997659
677023
625579
198642
271719
454077
7328
458440
299190
563062
182236
834829
602043
929278
888425
590920
307945
583112
14306
792732
388010
618112
116361
787705
209553
829880
647663
364805
701628
559747
800382
826853
925629
666582
348535
690600
387385
505759
295267
495106
992039
386371
803433
530990
37204
322727
115114
208732
64989
64779
589611
987465
687919
197968
373912
932626
860573
507870
261105
950648
940041
560869
973395
856085
297273
481283
785428
985796
202162
333062
227739
598484
517340
244373
260308
192959
241953
991621
475763
507080
44919
992727
863425
584781
762736
376501
156965
188955
183430
17400
591639
486502
471936
344602
991972
628253
243555
970336
995713
778796
630042
829315
490806
682135
969375
241144
113977
311741
720500
899342
908550
669258
387482
958812
116309
326872
122060
702293
546541
215651
8651
824877
749978
5807
469543
447417
706818
529105
819334
464454
237056
479224
325228
289015
107779
350205
760023
958354
844159
284498
181989
354139
74301
86582
730061
167587
134447
909385
546764
187576
25620
727691
233255
3647
789717
623447
798056
460596
519688
425695
924461
39568
375434
441409
687397
564478
847053
425087
412669
40804
140197
224744
807771
218829
641342
967214
629341
173017
529561
809881
492374
719408
182317
930390
443420
807118
97840
13199
235123
181980
197447
469620
319564
122549
315963
444731
466369
294861
372711
216122
749408
635122
68181
727850
256915
266189
61966
958302
663202
653539
806943
20101
85626
24653
794416
214436
972548
205020
212800
703227
377200
217692
522867
605907
750125
659996
995306
790583
966090
695528
685197
397793
816327
798126
768377
744694
121364
711720
387021
444455
91608
610105
464809
186334
171557
564227
18969
59668
375255
268875
322124
486227
934102
992732
630367
916526
505228
869924
668969
330400
989261
421887
638546
622412
771798
660158
278563
248160
913661
44564
241200
405813
678016
517220
820366
301889
909513
379462
500831
726154
732356
60735
728020
230562
765871
383504
816986
570704
138849
415279
454050
915709
731473
101742
958537
69434
785627
736467
100551
422757
314219
66088
555045
651250
187238
490000
640628
282029
714822
596049
321924
6287
255629
538108
399827
975402
278800
300415
261581
222848
827995
241489
871432
440428
44201
576406
335665
435909
108773
223681
330372
373351
995606
555804
656347
683920
677358
645073
653280
571324
706923
647827
962216
892373
257690
739989
932472
211650
795306
569253
362632
441937
353078
387109
775002
329677
753616
729304
363209
637995
202578
488789
377233
575472
388847
580528
429415
602658
63308
639321
336476
210070
307424
572505
128488
463990
671003
102953
614584
752616
470455
741388
471655
4956
22987
696243
206551
740057
151344
8162
207003
342921
991809
474867
790447
439601
970731
25135
787432
258479
944442
122955
406892
546524
197719
168555
724002
588245
3543
398069
472842
264404
996416
85623
697396
430463
102142
895035
354898
27735
573211
540068
720067
324948
697410
527231
181913
950316
97174
184057
578151
260287
546486
844471
826268
865050
564829
240349
935545
199597
372661
908197
369538
568294
744567
100040
316758
677715
126605
138576
149864
575124
211412
134371
621539
607586
957721
820130
981583
487908
689749
467185
722997
853669
645358
62963
995485
162289
330604
684375
216526
146615
263927
590121
955038
196579
437101
909503
415498
715186
148579
286318
448249
228844
194995
902890
159967
619648
597918
333880
309468
104434
496696
952026
777628
620061
735767
283024
236555
411578
556549
7882
943040
955023
904283
557019
267059
294630
111078
781405
670389
982876
194839
740004
248277
161028
115003
228627
395841
152473
838737
153640
99530
240068
497602
107425
791991
15082
895167
628990
4594
28364
645307
908269
708368
710335
156068
308637
430253
801260
987571
869065
142994
662702
425864
287599
105048
965022
917355
393172
17499
55642
283296
204148
968681
501263
411521
583831
580997
860640
35495
217936
714167
471806
19161
635997
277143
835939
977312
419022
476642
139655
84585
171496
861389
481733
438059
548317
21593
602788
95270
549865
112713
86211
942842
300240
535761
249877
296323
620272
601417
105252
469939
619108
875183
875147
258803
249367
147244
191110
946118
624130
876391
190964
701936
308172
89694
252509
467251
729713
101035
572974
129621
372659
635508
238783
831086
443807
210000
37316
474441
479905
628922
601451
923140
100837
47803
131414
617788
292098
454498
831439
39968
545409
697384
123650
56113
231247
624114
334357
500791
715824
457276
383749
549201
742049
110190
713238
72084
788941
538299
537571
517126
713883
676195
36139
755667
936126
929897
369018
210929
780122
761175
462337
606521
268730
647403
710007
540008
630905
110692
574899
452840
742011
707409
271828
396873
606945
988220
997624
410503
202720
130659
458826
135240
388287
709616
888108
359554
701906
409021
346734
305885
586657
276363
739044
998047
115765
59609
801548
361559
542123
11012
110323
926625
488259
925676
855061
113116
855960
988775
108382
684408
411058
15539
154713
701050
813025
656599
731160
616362
812913
910480
320793
118701
581424
451927
873214
149726
71484
109646
173975
212885
253280
661978
866620
866627
221543
298130
646211
803716
773591
383600
186348
190044
167020
283544
137527
903268
5925
646063
770600
326288
505744
289742
557620
674822
773429
197986
753198
41542
302012
663754
515068
173769
961413
953951
437880
202073
158963
339373
659184
774263
850880
393534
70774
239160
99439
499612
393784
466642
671957
513729
733239
625020
578653
881418
82426
117986
797642
127869
943291
476923
847093
526638
68029
397071
954143
944066
631921
621350
286109
274606
522791
695171
334042
82725
310449
970070
314895
734087
730865
47400
906526
762618
579099
849312
308419
218935
251191
743902
856055
358365
557819
517770
293368
450141
163011
117180
469815
169832
24333
438571
438946
368927
825346
316108
504480
107016
788504
195660
662307
29241
698634
21909
809921
17579
416976
785809
80046
835355
534721
160611
325952
823363
73764
770920
556508
933636
139051
623825
654503
418910
538285
781411
731184
192989
713133
484243
239278
505205
731496
842674
50290
86781
194819
786276
114400
637260
658691
391696
808237
687369
105985
946548
234794
884475
674129
907480
502312
991196
765887
176024
786914
175160
697170
958965
689833
250481
761178
860637
829890
138048
526336
410334
35481
373113
367335
439531
363205
201960
832191
270019
188900
973740
159061
941020
7902
797991
356100
98603
866108
192896
511349
603857
413006
229651
606410
139095
843361
893236
711139
269110
318387
49508
233673
177232
183544
377550
278796
722683
15536
860216
910065
74062
461461
861140
182473
542407
200259
700751
128822
366056
503200
660445
351092
763237
438179
765240
621773
8865
206278
917650
348067
835999
223498
956814
96773
448636
63843
836677
440874
37392
376312
431942
969377
755536
443047
714345
315295
171200
162946
193437
135173
728341
631063
618065
168197
724672
27866
568291
873735
882760
25811
898351
989652
958334
398412
71094
534535
312392
214669
623322
502281
999682
851039
294753
647016
561669
537
457489
253711
553182
196444
737782
307745
787052
557447
50895
799821
739731
744082
496728
927338
330598
61040
314632
691921
428358
667053
588625
288421
138759
154
496118
623432
389036
316615
652371
864362
672168
966896
829094
573939
9550
26613
672864
962399
374967
190804
211312
633495
818305
805179
678341
747074
826878
484748
654645
218935
794583
41604
673923
347626
925803
36011
873005
442121
976775
157575
296244
888024
873410
938521
104710
977202
229008
235072
201505
5293
639527
697278
939538
563667
827019
183104
97625
519976
435309
932446
105117
385180
104347
950498
591771
174704
783510
929635
392414
641429
324286
871510
294640
536641
906992
500401
777777
237566
684148
403761
120395
9277
495620
9282
607786
204382
809794
537432
636860
519569
526429
958484
170291
738827
590782
925279
688994
917280
951663
731685
916374
228605
796386
796581
49901
111169
277232
383775
374225
995230
284994
59285
56831
116928
768083
78997
809225
351187
557559
880285
438038
422504
676459
369139
861700
180441
119691
358443
64948
552801
998947
896929
617056
706069
254893
603882
27990
993504
632631
235747
370347
82150
923387
832164
354418
603196
807194
64351
629923
814112
672042
96603
308891
948325
88527
267496
743772
826569
732366
906035
733165
198562
298470
130739
310513
474823
148834
54731
139090
93256
200954
237276
7638
807122
626910
73981
416659
626868
181825
764711
368888
430869
981414
126387
306678
783891
250106
244229
755313
132753
260929
709187
16035
593032
250577
163366
868788
220273
956068
810463
987072
525987
212143
759393
738152
627506
224379
457589
700355
197651
815680
30916
400099
830606
927325
159233
376594
486752
458564
84857
779794
631115
315159
335230
169114
925842
879177
8954
503292
924382
901589
338952
214705
799479
542648
277447
756456
367648
688307
52516
387022
634374
977887
602649
258945
953107
943511
293420
784554
54974
723880
35287
136825
939608
491366
796623
975176
786332
495570
732087
223335
256595
941770
53686
140089
369022
188988
200969
688791
728086
84083
639973
377270
42127
725499
586621
560008
624469
359200
175311
536278
759985
689144
554481
782922
828486
155351
460518
261623
346097
764732
200432
235133
971181
618063
984970
784770
46664
684262
301206
960368
65432
105894
837642
607446
152178
404742
149776
714040
2690
357728
216412
147262
236176
775536
956342
759371
607076
832602
945435
420219
503552
751540
284345
310708
195243
358408
252670
411773
110020
870332
315512
509753
28392
916677
82237
183024
735462
513410
252188
543867
219954
148029
669281
341810
357116
475707
590807
817106
671051
124863
416616
701019
852594
811546
504994
312118
676901
499821
256072
875297
245029
874301
361907
669222
26417
754575
754842
434967
111944
560580
543479
547744
6657
749233
162507
466849
564342
162746
101484
666789
192377
293571
918554
809787
565327
443956
5627
9010
98730
238881
330884
182986
360279
93295
98863
70079
330074
13341
602140
865737
356101
995224
131710
75525
393432
324403
375911
439092
89116
730145
839180
508672
988339
75193
653215
960371
792945
182118
597017
437322
675164
413120
87774
960616
286163
346386
749571
735953
244928
604684
602114
172660
382684
355015
917958
974249
141194
209683
322425
875947
142017
109064
872808
233282
955029
447766
39738
896579
648718
204928
145989
188667
398165
950120
751218
134033
401338
745941
654966
749723
494368
468236
212592
855669
694085
233507
381216
640471
415642
732297
398881
2728
406846
500280
78388
237868
64584
766304
303174
144097
68901
507667
312504
162187
416597
558878
523661
373697
122488
843599
55301
857079
554457
177846
741506
878968
924422
953230
970552
811379
856624
838659
418018
964256
470125
293736
908748
545289
642206
617998
551109
183297
283476
558058
722945
951658
849602
784657
449948
529579
526544
870424
996931
865927
746456
308508
772293
846637
976641
849940
644912
440226
799991
827966
262427
878845
664027
242631
624903
259670
140790
425522
986981
496491
697087
528855
57716
11958
384861
694766
154904
369844
466262
722090
395675
261299
70334
82952
402177
759197
2041
83559
407282
652356
928636
459459
44096
930493
979641
411297
459342
373090
787842
878642
554343
358988
466819
605762
630708
115629
87190
100216
407781
427841
746245
498792
311454
776948
779364
837672
281822
93302
150393
609482
46184
692006
266699
317040
718772
271774
905241
366313
649206
590513
951342
618105
40994
833722
472544
610968
142483
374505
748267
645480
730037
735011
962293
217164
558060
412173
902688
88095
566642
65711
448626
39769
999539
552942
552136
995443
483629
436146
76920
757466
978687
452668
751719
146412
824012
64790
733640
36433
927489
449848
111039
609210
395556
919122
311642
893918
4601
731009
476238
212655
309893
278312
783015
704876
141924
556103
223390
384070
913048
86674
8539
147955
506458
821165
609306
87309
833642
900597
632246
780847
33898
136439
39040
42960
349578
462273
369136
339940
945988
890083
644984
33837
540623
575621
290829
666160
647127
226618
821183
777981
825592
717012
420649
87217
56474
885874
909510
163620
849899
147224
136382
599706
789705
46916
726735
990195
342199
732141
747227
267663
235598
801078
72552
454114
145814
940880
833360
72228
231774
142780
302851
664910
96846
976402
343665
139841
392585
872816
69559
875801
3304
876724
821371
297715
749038
114006
842958
364131
211532
50095
540871
643624
67030
631082
455012
987134
637403
623548
531375
32597
476156
618886
866953
456548
225997
588620
209053
330359
260972
550926
284462
902971
289370
494932
955678
658369
11747
280117
330308
721056
243561
111678
782735
577403
86436
694433
238398
903125
824690
966925
499838
488822
675866
799148
823301
428359
140739
908894
321977
661015
345530
118376
807774
369024
796093
769716
827588
699706
883439
179336
441465
516802
466554
41036
398620
724394
346872
348139
693146
18545
567723
402505
254537
887481
699745
302971
789663
766131
395716
220379
40867
366452
540447
266082
823318
585187
422220
948954
282268
66521
864192
531333
904773
803832
297766
174147
673432
315782
676967
148389
273369
545349
771729
649526
919375
107446
232552
950009
466641
461928
249693
866680
865513
589633
326380
612859
641152
251704
312408
977945
967841
8472
927647
240696
146563
299600
527214
204444
942866
861692
484799
350665
774392
559591
71898
369765
411125
379674
150678
876216
609758
982135
69240
33916
316484
423530
187786
220294
917172
115370
89101
123836
93315
375639
169115
43627
25665
466863
289668
438233
860611
794283
426880
755031
650644
744757
875373
999913
186173
591643
971962
998381
553267
640965
86630
588240
317777
705965
88526
842703
965053
829777
817927
642406
287868
605684
982150
59645
424554
910814
55262
846117
631862
211870
842625
63716
647255
756812
137690
45183
14579
758746
22052
241162
841679
452102
942056
234962
813151
575833
382562
614411
798737
190058
362699
758161
514864
113224
428171
566376
319667
419178
901623
896733
947340
410199
740598
966182
277761
952836
548823
34608
583387
478014
791323
439415
34928
239147
780
353524
409063
502687
520181
354677
817916
858685
431111
116185
639009
245890
268135
550551
825602
302657
24120
750515
212905
598022
482634
450683
92420
438654
798216
451401
778067
532805
505788
100860
921097
914129
827623
316224
865306
625876
141742
748039
96308
906964
883951
573065
545920
46772
671287
125769
936938
955109
180230
794581
713742
164866
956155
476568
685457
157038
494115
23739
335954
982580
547029
246043
194199
549925
843098
130999
299776
294715
203282
344499
912748
959644
437466
387634
650602
214139
842598
680083
319414
257214
159099
102828
157340
287879
687443
231871
203370
298496
103858
766146
249138
737309
134025
53645
572716
821292
518239
1817
849436
598035
747769
102206
920686
669033
147293
221029
300953
770969
670254
810271
188819
189149
228149
882087
703638
874994
273118
148808
980589
238780
290774
900975
633236
360961
30598
500891
646743
810359
155106
803056
72508
558297
681150
422244
310694
291105
516720
261743
169756
895626
844882
959516
645682
293432
900019
960760
514390
736716
717618
91578
794065
831925
711190
961796
294085
940673
488571
420714
955572
126530
749983
250509
729427
381073
779826
115039
17115
483589
92477
225163
666987
555881
109498
868178
38239
82329
194611
659152
994914
306123
934249
722784
617076
422532
609243
625777
519470
768965
322054
208501
218703
754092
834204
296920
73005
827663
36675
237565
451120
36746
630710
170039
218781
848103
990841
129130
763307
890491
646539
965482
229829
134012
45047
926967
620134
20131
943774
14203
97646
427415
99717
598697
26650
950582
338233
302940
372275
299125
249925
441298
554575
854458
413354
181372
279571
803001
428250
674096
17635
233813
646145
191774
276601
973547
687616
709923
482863
113159
577700
704668
986750
519698
130058
848842
651139
176434
454099
38981
800403
133264
388273
741706
85374
552432
266278
993524
386768
426454
300899
644103
939149
51644
632121
783040
473193
806995
72606
151016
669241
268838
347313
940199
812140
326550
633014
496055
891684
971130
167055
952498
309153
917004
301984
848177
765324
219157
698041
635594
66099
997149
316108
255482
289512
729151
123161
839346
685183
588246
723705
208850
16898
448288
708227
556164
807650
889401
988969
351926
58424
719929
556990
531513
958353
233710
559287
781304
105948
71651
343884
212549
148983
309618
732244
958706
221821
381931
519079
254025
276993
269403
668841
530151
768385
82183
857690
793568
973603
140013
450316
136900
48032
268781
861440
491253
97917
880413
647028
155821
310203
742453
646228
740927
206013
716016
577003
988639
694290
221793
556479
985521
306766
791159
359588
665220
780905
964734
686308
647274
87107
429475
363506
325704
349760
197303
908368
886836
135097
103630
644648
693005
53613
630117
37243
411722
280006
317729
409627
941216
566971
423390
728725
525681
254858
461302
582164
650313
140055
278240
53270
60612
250572
12973
836948
810845
417666
423764
247098
757470
134459
174354
302350
94627
45267
325110
949867
911401
312423
411539
861349
940968
245788
196762
127812
78777
898718
70265
707131
194970
902740
379052
550668
325451
356773
630477
347054
745133
655755
550452
211433
279905
774756
848524
573580
693612
506756
337100
524894
769336
721312
988379
769589
551805
569733
837147
557803
410618
395297
863003
807724
886164
732774
193809
240784
290705
38240
404359
638949
201926
71763
327748
606097
888837
972062
635510
790241
159883
638178
940710
414035
785616
37010
211714
963118
366210
394777
805690
167
678299
939287
32828
221490
449174
777277
661076
767511
202590
352906
686665
750986
368348
906760
73297
119006
921266
722828
336860
274032
244822
301238
124891
765301
490942
212306
246501
248611
271853
628889
951435
806373
189354
517280
198022
812467
182046
433478
236060
896796
473067
926427
352316
835211
252717
992249
99261
428535
403754
377253
453723
810287
458293
879800
144275
256980
772191
182870
684730
895926
392365
928132
221827
842583
539223
401726
961266
510495
952200
307879
992713
896122
286628
152831
305516
438133
503646
457701
160251
942141
753088
34036
255908
977204
337018
947216
978314
405397
136064
375755
519020
55817
385172
425208
77310
359717
414658
364976
296790
791946
790799
935900
115820
98142
588019
745490
660960
680246
385735
416070
852963
783218
982067
813411
627825
74267
767230
608685
495891
190333
127978
714615
185756
941213
204585
887533
531243
370499
322762
454060
967561
229168
931902
250909
481266
938947
723537
393867
835314
913408
133016
228052
601345
665620
714860
325317
278382
595831
80570
571915
69373
64890
51694
133787
283062
767780
371543
470309
437753
119498
463043
795285
617059
780722
597490
134049
509140
680171
809318
285587
38503
542809
106115
424144
182975
205653
508991
987270
249724
255513
402802
800639
583767
961736
157947
149613
743934
507500
199064
151406
109150
310379
353127
91139
709764
196121
41130
474885
572996
423878
597842
141401
96605
39064
21098
568588
712058
517926
300803
164410
828562
816234
963212
431564
405728
298842
319466
614148
982380
929351
410689
327732
86502
694525
248939
145953
912988
67893
391465
99145
724780
53516
221752
627194
761715
80078
880508
580169
714662
58128
459021
160699
467931
214418
507323
44723
158078
52347
449127
971366
589843
642644
4296
24534
753869
546749
681560
752993
562970
426763
158734
314583
252872
393886
946540
107168
486077
41046
38288
847843
384923
814098
804915
53765
611712
976538
639525
745259
403795
336987
750800
956008
737794
230887
512366
979974
939526
356393
532004
323753
190648
483699
965445
287214
886997
33640
939876
494970
693637
961865
489731
445686
314511
512325
469718
793050
539737
328661
609804
646184
698746
796781
469104
913243
881414
947153
261484
515340
223767
131120
699758
386547
672477
195373
781609
201320
679986
188514
821556
396934
220109
189584
154353
243798
910400
869359
118914
543898
919528
805778
289485
104705
999622
311388
615619
925565
899659
558776
349194
747128
416449
507087
114685
321372
588792
945675
401592
408985
629092
539974
915613
354603
227704
663108
619678
121967
821558
262728
325075
61539
290725
117915
663567
73657
373782
289186
550559
684325
572491
870034
855536
14126
134561
880084
87911
632495
102497
496606
462787
563688
960083
487541
916949
777123
932671
513877
416025
387898
247230
278522
900377
873424
61675
501114
164533
710732
953815
797068
563950
789853
462644
654995
406983
264601
718830
204460
579334
917358
601713
321969
183578
332748
205841
627681
200425
796659
705537
339458
214191
948649
684455
116544
867660
714470
214981
679257
805903
637706
832801
357169
777504
17228
122668
789074
555119
460689
833208
805340
762457
551971
25241
510085
686454
863555
939800
680086
689953
457233
320387
390066
351377
656296
656830
735806
325240
342824
650262
249233
929579
548542
962389
700000
631317
132371
679068
28154
528620
614303
571055
242330
953842
501797
471075
326846
130245
218739
678890
718200
661468
18326
895399
847120
656963
184589
849854
804512
677108
792897
136277
535042
747659
718227
782949
774444
342024
722309
78588
933803
394243
500717
382323
163639
237360
588185
122380
755893
744683
722210
134648
329866
962217
122392
250043
616429
159142
324175
910424
763121
423949
563720
441812
703943
269175
643746
172825
583669
966417
359923
339902
42626
534517
935726
508993
286586
368766
744373
196675
82384
225201
663805
399146
424930
154611
768818
155091
972738
220692
711216
585047
386548
707712
598016
980777
707133
109392
552155
669393
980359
729627
657710
345489
849076
818754
395912
966130
780210
613357
861254
197235
504938
275276
693653
239752
799991
466053
953862
82721
788478
562456
915480
250526
841490
47712
716144
261810
399925
369806
99386
787979
490150
996410
462458
642896
419221
67670
775907
987014
233563
265154
290415
655021
552940
650801
632374
214314
871017
729548
537627
100764
357770
17643
469633
248536
852554
391032
856245
98538
14148
397219
334300
269388
520280
714432
552201
563923
256656
381322
345701
922146
131479
918719
831379
654120
860093
839527
442062
602821
677388
924065
307821
589041
580376
114441
704490
14291
497568
952676
924824
416262
799682
543941
98224
507149
8271
274230
657595
253391
939560
595
603100
825190
196361
849505
84881
900676
106068
111604
349739
419513
31208
876081
84188
911264
318579
848028
662914
155028
724340
406765
921393
480591
502474
759738
597481
164399
644469
987575
282479
786565
548065
66923
749221
615950
866442
527008
860562
770196
904258
975553
266256
548302
433768
297639
194147
406800
612448
989325
535045
868128
400162
12108
972037
547518
76327
775348
361526
396539
423734
112280
70198
408901
453853
575548
392657
883117
410490
948135
689530
580104
108763
137546
32715
779945
306229
415633
492290
290580
329069
175044
175828
448267
614348
831735
569752
752662
904968
85607
563351
902168
599778
925536
786850
928751
328546
245959
893129
467598
229889
92836
497790
673783
892381
469181
526282
694121
509062
400036
248163
96716
813867
262683
831095
888104
256207
709466
297887
633610
869401
137376
536227
79428
955903
887921
262664
74561
620982
517519
145248
881796
990443
102530
158809
274120
233147
999748
379962
147132
385695
793920
399473
823819
296042
67838
616262
632396
272839
285953
271026
901041
755262
780458
291256
496818
692856
883778
28830
78426
494044
873100
225833
62127
914835
825088
842678
914059
336894
512295
808270
83587
76999
15519
325982
133021
124586
25403
369165
420876
876800
712049
408188
135361
861293
159657
767177
807696
103033
677624
536675
60033
878287
663426
174022
30920
886877
326959
209223
695067
641045
324446
921795
506361
421125
604508
876931
994319
264888
82468
170253
951931
790793
424998
242379
523387
624288
128986
794693
97450
42979
324373
809746
517423
32727
303760
710564
595688
623772
637841
965454
137587
785107
448725
282651
859641
954227
146701
256920
628004
219899
771628
640069
124258
480282
681748
547328
301433
735187
636839
689646
97753
547562
812932
662228
75894
706125
805170
958336
916189
831008
841055
556084
846988
173677
67489
149021
753384
171980
166820
246402
694547
978346
263830
102862
611971
678195
259671
423179
531452
407781
489170
523330
223032
866944
536218
895729
650140
621433
391830
259692
475267
752950
340017
528650
719257
901774
329712
9896
337894
882260
442401
888857
163769
931580
439058
843893
300945
370588
860037
251460
899112
609589
39420
763692
29547
205125
533595
601960
898146
687461
889913
515681
939769
106985
941368
603218
53861
887003
518132
138920
295733
103507
187935
12493
939149
264834
64232
335262
378360
165952
526071
518225
30648
979344
80952
191274
637799
697556
85184
596496
286720
551185
883932
433608
799901
223429
810316
743103
30313
942673
2125
780003
560632
290404
631471
522151
166803
616510
437777
978401
644630
276751
134587
320198
465230
464027
275766
641980
569955
440045
909630
405139
828605
496215
76847
284780
780634
406637
692182
479389
201619
3627
554251
496629
361909
913589
776676
617617
21891
238626
105633
734459
961578
174176
211764
63052
13188
557443
562023
352505
389661
438704
424444
952844
944975
148848
591950
914755
580154
237159
8225
445259
125564
651976
563843
298737
23001
534214
184071
632619
335520
122667
771497
854779
795030
383685
925634
154284
681376
401590
699502
933484
142025
472570
36866
366709
497797
173085
593890
91249
169988
858574
723451
663718
777642
972009
717307
896980
977572
925047
838334
273032
733091
710956
736804
13770
782248
881885
469816
395169
436362
580795
533617
784059
438952
10197
961569
241763
973839
18244
186218
78060
770320
716669
239596
71668
904135
16421
918611
162483
511019
460137
964531
981012
304100
374315
754912
602363
534906
32384
390151
505675
887174
735459
694563
613647
736348
956183
708946
449687
805301
279284
838143
932573
66451
863360
360773
836592
821907
961447
403593
954850
854309
967994
115748
232444
203737
126366
784506
212002
363378
579041
555008
520815
487787
207604
229093
334497
812917
485760
35070
70622
910077
747355
293582
570405
200499
190006
824224
656273
350631
511073
302934
72092
298479
981221
721720
574721
979277
192725
704814
325550
459608
411448
57258
259523
931744
974213
173876
646650
515719
134742
670133
714213
316119
281394
35811
831705
203528
687124
862655
705957
364677
350198
630417
529547
104454
386575
102139
10162
768415
333688
128387
23472
243140
739970
259761
323480
319159
611411
578722
551018
4589
551151
69573
787334
856458
968773
877181
515534
632487
173587
394512
605668
527522
293210
339860
338280
390296
341408
553962
39886
982088
668197
812791
12336
17684
358883
572296
974632
47818
904437
604876
467762
431424
275617
938126
194851
208181
937763
983549
387103
203704
941640
415934
260126
950577
809937
167751
358278
446768
187056
596163
447088
521820
770057
151625
369245
908096
447231
814060
115099
157603
505047
785365
348146
213861
667062
822401
346349
109245
295210
745547
71125
779183
703212
435049
621181
545921
28019
599957
593089
44815
565078
969466
846566
750105
285311
882306
916504
465815
113720
739444
982776
649825
214470
229613
315401
18215
733761
654291
403939
336260
482162
917579
782172
227994
640086
355823
951194
822026
260524
710238
107661
125457
434687
115834
527151
311442
323789
782331
186119
353462
209864
751931
799475
893019
456644
663750
122018
561932
299226
229322
181807
593416
721824
437339
580070
544521
4801
359021
379122
935690
624787
317563
429724
551199
142095
777576
658434
407985
362208
74308
404717
298899
934176
814947
755938
54540
897180
980703
512289
158164
371368
298205
883322
254560
362091
588172
957946
21662
518042
250022
118765
594262
682578
169436
615902
623343
313727
545955
201774
899862
90187
982532
788862
793563
938671
364773
396950
665949
941459
290067
167177
677861
375154
284515
854964
612827
76237
212236
598086
205612
717089
35422
208614
188808
251748
167084
114213
114991
168740
431433
815251
522166
402540
778925
51733
100728
335798
449378
901269
363339
622453
68053
879932
752352
304829
324498
297521
446723
684070
25673
34179
394083
312184
458964
244972
558533
1616
790377
170217
450276
897358
574247
71011
779497
457311
108482
205529
864857
394972
873130
411513
897507
222989
812485
992384
209253
899025
890789
963572
735399
392647
962285
242184
493745
420573
193772
902264
648245
701613
194506
669207
933341
109415
263934
831060
944429
540155
833696
390559
560645
245621
271271
602198
71395
580067
12331
666863
394472
564037
183832
983902
154978
374302
638281
727850
63807
642478
984036
243628
757301
181609
437700
25612
304373
714301
876093
217351
517287
436773
53878
455063
45175
561766
623154
221237
886111
565535
985555
455567
168052
373057
778423
899069
940860
913163
545467
924542
763443
44729
297143
653857
666960
843214
477658
135475
605863
19919
487985
505573
335684
755558
617746
929157
406674
885192
948488
996229
878172
890194
48768
526353
225212
941784
629968
809342
23714
353473
831700
257009
394483
355812
143746
345835
180883
307533
743047
311434
690172
556069
672779
941346
908479
738193
664651
107132
462962
435962
317567
486430
276735
757562
374498
211084
784615
30820
579072
862672
635742
225942
307478
124804
582847
489789
586453
451574
800391
875270
747030
552690
818557
201070
527020
102022
992013
772905
795621
157249
786790
553249
776722
740636
282234
97817
201679
439067
692251
846545
859679
297961
976616
348360
220402
144458
263853
334966
154203
941249
315196
626476
305371
816751
280642
105013
918924
712805
665092
479016
142480
59972
49150
410988
182323
557628
705730
941014
80038
20081
35839
764834
378257
542420
52242
556206
73581
76958
243684
844069
157174
417074
867572
906065
87306
238787
329242
566586
223509
677091
702162
693064
552859
619447
205538
987799
470356
214809
163694
641921
390394
188544
91310
534307
592025
165370
53925
108312
637830
281130
428361
252029
409173
177183
219922
273018
308650
710568
81376
260102
781472
421052
567046
471437
637540
610255
104736
705433
209729
862457
729391
377092
586441
827528
461018
949738
784843
856585
569604
584150
186126
951692
965883
875902
521010
937182
127152
143485
995717
230944
58209
281356
556198
998808
96172
228352
417518
994123
916625
540690
4027
395513
65813
576909
27780
237328
757809
222536
805645
532208
859729
803653
947249
893865
504593
390502
850861
464341
219526
671351
808964
26136
278964
158836
898514
637745
300187
591966
30419
320265
894655
817420
535476
943748
652683
78821
906065
225948
900925
740763
544320
426912
85001
154735
354628
144529
733905
358883
285471
187786
943172
466867
874924
886555
620931
876424
463457
461301
22548
939186
790789
679847
799050
37377
172373
601242
999622
185610
126756
734107
723757
650017
908547
813747
600197
172019
514785
494968
404141
552820
299161
108267
450324
449907
143778
760396
689776
859377
597524
778947
345661
457111
664044
64856
908762
404074
173945
961097
101711
178817
572866
408790
31765
195395
274040
382930
563278
213272
72920
895229
433662
489664
447409
72766
313870
786012
191922
522884
75314
20527
434750
313846
654671
469821
725895
20729
915259
537817
201581
881944
810522
379308
785651
358052
739481
20935
501062
382051
618714
365067
227378
487708
442159
471505
68075
6222
85962
370219
220385
483850
492686
217057
922447
38538
76404
250596
748936
19490
504898
127071
902219
172080
697991
138839
755957
835511
481421
287102
332097
433910
944085
801605
385000
514736
769974
886401
394468
660995
390872
256349
870212
167010
640607
422634
572475
815689
812687
940686
607692
308265
838858
825053
388088
144230
219441
107160
729574
586695
1379
833677
139159
675989
826887
157498
315299
213796
211058
33683
126756
228367
912505
802618
620345
104722
720416
520203
950438
253482
222788
375311
814148
290856
48766
969979
653845
989456
137831
885109
926647
884765
531428
854257
757211
575870
938621
16480
784677
463057
7567
783237
61053
964731
275962
604845
206535
626606
168602
911608
681408
50452
361412
680046
6496
165501
111771
600984
728520
30534
952521
240905
766650
141267
99214
816197
595299
190809
30881
371204
429367
23872
462617
731843
70816
683880
738263
48616
177925
374583
56672
735807
728337
665364
792192
655261
88011
178872
902568
567479
544063
611084
516928
382938
710799
369234
454613
830184
224648
233197
149326
760004
842556
944266
467355
181065
737401
455841
773114
243201
423134
458652
439063
712839
856473
568479
741795
488167
525785
807752
593694
766995
482034
373060
462988
272985
454697
647309
820180
716261
742509
132151
82158
571640
515635
803664
318231
21495
452255
915173
387976
570932
808390
548152
613721
75461
826858
151789
425391
796090
261270
918012
69360
799467
840103
303334
933442
282713
811996
64302
529277
267378
305476
56027
254834
140332
89623
737779
112094
71818
342125
767916
694957
109402
219865
220479
556883
385900
916957
406608
122430
514645
633728
371920
253031
764945
794792
294664
164496
139172
175013
427803
647119
607923
779547
978514
302544
797159
482547
4452
410531
381495
822994
973641
384680
570080
359251
149652
83357
375311
7260
984651
236898
213291
884454
177262
384518
226493
109551
645349
873262
91138
672220
264879
162474
612296
63211
466138
81462
694491
522803
991377
945097
367682
71976
167496
7650
229074
398222
728769
34411
112850
553532
75340
149066
501634
562631
812319
514722
53675
395541
272080
913338
930167
842715
236931
190707
758818
21990
580943
792962
250062
560580
935570
189842
296698
273117
461986
252728
853675
322548
34680
166572
148872
58639
655204
380156
796238
724607
620693
524620
885097
266715
315745
766844
854440
724688
230426
723421
397682
890162
761664
394156
438693
80692
314263
757414
938434
336910
494888
42369
874005
556407
506096
996578
614998
217097
43539
798586
582710
373187
527126
203543
505000
762252
282332
343832
90726
179272
840012
64529
187722
653668
294892
628896
445702
17186
938094
349781
240032
901301
659310
444613
321291
667938
926089
700716
536681
805807
16582
139423
303447
321732
262312
379108
572468
16562
467099
421190
723660
244697
897244
876048
491729
59384
363996
637419
338938
551493
950131
633498
82334
815742
161856
709634
740247
935878
960412
898552
246620
326628
361749
509456
962241
480088
115119
391182
992958
342976
520129
750244
830614
933624
241087
868775
973862
123430
476671
564014
901888
749866
302990
682797
203723
145938
223089
464652
607562
338874
348684
8238
787824
873479
481308
43293
528570
49276
838546
972432
115895
631462
366406
637615
136596
81346
783443
166846
366878
835873
146393
434595
529354
721462
191095
848123
421224
125749
566950
182835
856723
488948
773322
41155
241898
374257
963450
906762
248907
942716
776042
959945
754221
819458
701315
964052
255468
875616
37920
407939
237808
421598
304362
87478
960948
809500
379076
973020
261275
431845
502974
956435
115830
623706
669951
918068
799
865611
323287
202665
969644
702791
961324
671533
623120
860763
617537
380590
372259
894171
407145
639193
870453
312678
307827
538404
316544
4428
131145
347719
186945
996827
168316
891678
823912
434987
127570
844519
260716
216790
687358
929680
399583
484235
586753
167391
228415
95187
152707
900295
13422
901471
426245
272313
868345
86112
444318
563415
389149
375540
47906
806543
635673
397749
593293
289124
33442
923199
82066
796557
652853
884908
842897
29246
697401
887968
426097
637996
857832
185314
676844
591576
578554
520298
920876
948780
559651
401982
271361
397307
850803
893404
387821
475389
815222
164270
857815
627728
847133
649564
289237
604897
382125
863434
467628
975192
241153
379725
725224
804977
660667
373540
123967
246123
807625
319440
566945
936255
55778
851105
622804
991623
651047
895843
646664
982205
137454
9837
985860
29646
951425
882422
710795
209709
82757
667976
453983
631296
39700
193431
21234
389395
330631
928338
613817
893535
449933
370394
541905
442136
96931
757519
366567
82123
352381
399170
678323
655001
651119
762303
348466
128091
207709
453945
362533
440762
72896
889297
250789
591660
874616
763722
520112
902892
213117
435299
624615
917123
5070
461139
293649
410325
996985
710547
608065
245164
296031
470813
334098
129993
594957
625516
181182
408128
576848
220440
505979
600336
902661
533195
232327
866253
97396
107276
619661
205021
359912
661505
967796
267571
243793
849535
709859
188699
627566
146123
221324
284083
535021
436822
760567
242812
808140
917965
15518
376652
959938
425460
86031
76183
998414
940544
950648
300102
408126
756734
861431
607837
952718
340557
939448
952081
373729
546486
898073
536366
866951
236673
894762
687751
994842
49245
23409
920036
460128
190148
860744
680118
967213
417782
206392
297839
224560
923924
833950
675179
537282
967590
255605
509609
864509
911352
939503
232656
306991
676788
519929
909843
322931
737036
271264
234394
551339
244166
149318
880679
466037
166769
793947
288065
62683
155787
156695
757002
274968
958064
778873
680508
865713
238839
49155
541199
927443
825913
955365
600647
603809
586801
468930
102790
783845
412335
425919
657288
292277
18613
387372
782756
339937
510138
590761
193830
45719
74972
448288
979152
570275
979462
884965
483068
710103
369212
897926
915813
922005
980529
764297
128282
372034
560542
413041
703071
198790
938983
149440
10900
963568
940583
948483
87547
913359
467325
766445
360064
628814
752016
598434
21565
211153
983607
221073
367860
445731
596637
555215
739009
214291
541413
490525
267287
723130
83134
234143
155034
472467
2499
94555
444325
961939
218722
177364
819827
349832
858798
879518
100687
615564
517456
742879
152374
943127
859681
365385
970442
174023
740994
22301
681756
46461
330521
400033
413148
890209
127529
236822
62075
550163
791155
741248
214507
581314
584910
699183
863217
355053
556879
673560
310529
916978
430289
529663
787402
516834
824762
9588
200067
295855
153921
638410
89315
540775
907581
473012
650117
202816
588319
49960
441036
160811
70559
265831
565234
793976
824521
852022
528413
715726
987381
360646
841807
239839
628845
662816
595628
125255
978848
316308
3237
445255
332947
111061
904064
485407
595572
736962
530967
250565
344403
228084
281786
802683
97793
712748
868564
67791
225737
684844
557466
469770
762983
664882
587997
437072
789324
336298
605319
637053
268337
770878
742525
268774
829704
137975
477161
183723
813352
112878
595853
589301
734913
208887
76433
424532
486561
185252
518893
327614
998240
656003
163031
775559
633679
531404
500193
433139
293662
914833
360590
70037
425116
250729
588046
196059
113675
45383
806681
90288
230319
1294
665857
333135
936570
540108
70979
284369
708806
116188
304460
989944
873177
279315
941073
34711
2903
602665
193523
51327
890803
335938
764890
88479
888892
132863
106441
803762
775423
690947
815132
407953
948997
53184
2206
800561
331947
630830
643069
179056
859214
88829
506947
566299
904264
707741
384450
339468
894915
351153
51753
48588
52496
126440
797063
260863
677577
53481
79082
356148
484506
634717
769491
232354
503924
169804
224171
66416
254697
757304
847563
34728
292314
268796
859281
326848
665571
209532
461134
247271
386903
74862
966591
636144
155967
314829
910385
321772
117412
381844
472300
635653
619821
376964
358848
150889
342579
135143
509013
464493
652957
155350
334050
263306
873601
81676
593200
716092
838099
495331
750143
125687
850075
508781
224440
747757
143418
23357
99072
951553
620599
919891
632216
765886
594445
736402
914204
933200
528664
29821
186242
602650
600842
724049
168283
803493
35651
219286
808720
682596
819104
413448
333990
857326
989554
824792
984462
208214
483129
808181
91117
822792
923633
898360
160301
640027
545461
339570
473561
385114
594521
904267
992971
902319
147379
143553
897285
244496
823156
752157
984171
627670
829279
884404
162041
180021
852646
579917
700529
286599
142351
962945
569720
375231
532058
349235
626615
777851
901033
674116
383287
407611
259311
382491
101617
918825
838473
455393
401790
848453
692027
581404
341303
43771
917555
505142
391362
691634
815113
456569
655790
64457
779214
280282
797345
312747
622933
371232
886849
891460
948152
36041
263320
592082
635779
185536
908130
239800
942422
530053
480802
154624
691391
474942
267824
820170
948049
770284
203250
583074
842383
996120
898406
591857
871621
108056
690989
430932
193558
685819
709456
757133
577656
210815
86603
98119
990069
849449
995870
542865
325471
303329
236575
239188
359120
561665
287799
445650
38206
783823
96577
997481
25145
757920
89351
456684
105826
962239
648838
215593
759804
496394
714210
220468
891875
577736
456505
823438
18566
226765
807588
578184
556688
804965
701868
278792
405891
86692
244427
457690
229128
580440
366919
5013
268483
816991
563589
995529
732422
457640
824270
468132
102656
480463
140581
282977
674607
469470
757858
384572
957751
56232
639376
563258
280575
5478
60635
237715
433586
575078
23684
732673
3527
42717
391184
732376
473970
435393
306462
307241
715221
325860
874002
613986
44281
504164
168922
159879
469251
331155
161475
692831
862554
554692
865177
28374
186224
267421
147037
124883
71181
184142
244613
883143
226672
770348
892508
565713
234758
342855
61749
739753
546931
462526
667441
598428
926399
707427
831290
477584
622780
851796
213952
338101
908162
874117
631201
57029
673981
793882
66801
964137
374553
814044
729562
787941
961723
302182
185038
69103
560608
663928
120643
497753
368908
914584
842008
84762
956706
908005
711203
274775
481536
96414
789210
451659
743790
934071
909246
743782
338334
440514
997762
956475
417208
689440
147497
300086
852135
195489
463188
624881
460919
153129
812268
668408
889361
124142
795587
112306
340424
803668
658715
600750
965919
883262
307228
935323
936751
545422
633209
580610
81175
654191
940171
890323
167101
343301
465966
720025
788978
976718
840953
133100
98217
65470
778946
676534
257
669497
33279
132716
158744
340994
766371
255563
333155
610782
323529
997680
550998
489259
918408
318886
650175
943988
425047
376872
509194
394180
634835
221770
499230
678876
138722
260101
413889
318346
524180
382539
66224
658819
396289
556393
779139
402835
753814
404007
529970
215874
724605
935737
633576
705070
903305
573511
119392
36764
658131
944948
241672
817605
573362
288492
511495
909099
595279
641900
223919
795817
816918
773317
817769
933188
998983
688167
856080
584399
345724
860339
501601
109698
836128
116273
88138
582502
830589
361478
740108
690037
582732
791178
994326
394816
672378
994829
696636
892186
805570
647244
446193
525480
276861
742173
601531
900799
866538
873966
71314
946924
358414
618436
634835
472578
205845
208098
802965
320286
872042
348815
623702
354048
787088
557706
673828
197047
23964
453095
141753
615231
418448
396619
855158
742692
91503
506532
249327
911651
389109
35799
761575
753264
717733
888669
613073
342920
135737
441762
281529
258643
117766
129235
253617
254948
764792
775881
652313
218115
239473
492589
768130
657568
832576
339658
584431
525341
471748
134303
974305
493615
496004
880357
317673
663894
948950
730674
59506
4738
517987
656731
476476
413877
932655
985042
870850
91136
712573
452275
658982
534262
679138
191905
891474
248947
25988
884424
21211
651571
571835
140646
126890
269649
936503
956149
873256
699281
657967
63284
262141
593249
73198
382881
556251
644207
789312
925770
857082
393371
195565
494847
976254
144092
503853
678825
354531
342821
82329
204737
248874
881165
728088
463066
728269
753325
457360
96946
729030
105489
196797
773893
803694
222276
579504
276282
749641
265973
760703
135615
474639
695604
565479
810143
130190
997563
250518
264411
58950
270235
412103
1436
185211
522681
756612
879647
994488
963777
991664
388411
539839
618045
332956
188324
387505
827362
661275
284471
702458
820458
652777
195787
818914
497778
101172
416632
668578
559248
398698
986298
920430
412024
107443
296829
346729
542334
589841
99437
872232
241303
703122
529459
432559
926469
751433
195820
756485
395709
736171
82739
892624
78688
309858
539272
893646
208867
240556
326681
233103
457155
822992
672106
960070
865348
444090
871196
305245
748436
501088
375301
454726
600991
296357
61061
108107
520924
432825
814528
685436
140435
937176
420923
17431
479604
973087
723765
652178
709975
783573
471801
972960
799671
156139
503652
475882
576500
398724
823705
906356
131973
870931
420991
172171
825751
718297
89522
737506
728392
691554
510383
325680
659072
237011
372740
60203
895388
245006
691541
725964
458891
568710
63734
719935
550447
776338
161429
353835
15383
6791
404558
265715
338150
796880
216187
321459
138892
580722
227588
789689
676563
43214
935203
742735
505651
558684
305283
531804
122167
176355
963909
926769
342692
594174
39922
548495
129930
813006
535715
502686
298095
530724
780159
541977
369498
854004
181259
891733
925231
770044
109408
570487
216935
597168
998077
374302
845292
92684
755596
915612
712211
63389
773102
100049
510141
690615
794838
940431
954871
381210
5970
426449
146221
865390
318326
711823
428620
184571
598497
522166
932967
104720
180577
817048
208951
705833
268015
296716
886173
815023
592810
530108
763136
27236
456339
560812
984099
256313
161721
257589
584605
144036
515066
557028
160055
774001
654134
186893
223489
509563
979001
814870
513844
457755
465990
563337
788240
432169
366165
897987
360503
973118
560390
611289
448375
716449
831007
494706
939650
97568
873708
158611
278160
880206
1151
68126
270742
156710
313128
645682
570101
262620
193863
33910
73658
825030
461844
30519
705547
605874
552124
864963
713783
345626
425546
855731
742231
778281
362867
424515
958147
713078
68865
993642
730485
614677
292258
865921
447508
60666
783136
339184
511071
911747
59773
64409
185816
303791
414029
552273
879887
498191
185510
577287
435956
69943
971680
637583
426980
87763
832354
924803
329743
56718
320010
620710
558260
760412
449422
169233
891405
269499
396882
163408
891327
820010
433426
192744
645457
431285
68671
782609
94416
239815
447085
884984
794287
906154
812656
463718
526637
588788
140939
51007
658477
795120
907572
830577
194411
45949
604280
811045
458901
877559
45713
638634
653966
550225
543033
951739
14282
475740
163102
615815
526944
285444
948827
361285
476366
32612
801865
84321
441799
605536
623987
673191
735057
596948
94298
195691
319902
416845
939952
85533
196319
658754
475265
729442
935155
848353
872831
134995
114355
656327
665998
513383
557715
884985
641891
868967
24747
575065
720544
743322
638555
348013
928315
534419
869551
205081
827720
172339
706766
283971
312999
735995
223540
285059
273774
243740
384873
517631
53722
425505
702335
876414
578008
581781
463725
351485
585393
429512
959863
249908
92584
900729
596586
423862
832199
96971
32661
521902
908549
729162
617067
30493
729408
779371
135616
423162
583437
330937
698148
881833
756519
301990
749426
683784
158603
760805
210897
683516
317411
534835
4139
878182
27508
921608
918873
229713
442980
552249
973251
912373
874082
344292
508274
910880
570701
704950
754762
690523
85569
778367
988463
291654
166014
562784
778207
665792
536701
372372
69617
401325
373373
666232
284107
358051
857966
285396
803973
815710
326163
154883
213498
620781
67862
693041
66366
851073
775625
741194
456168
627262
803489
88700
647835
496710
61398
912399
80904
565089
22467
741321
554078
431267
625290
9885
151024
353989
667790
564340
414770
791144
520704
525363
815546
456586
803023
226967
979461
401025
992741
761788
753954
305804
162183
392978
525533
970235
811342
479258
215649
634203
134953
897377
137575
178312
999745
754426
29275
914189
737329
931771
58186
406235
302715
419696
677987
876372
709938
523835
317621
175081
38864
693695
922111
853171
66521
521754
886003
333844
270112
783154
57981
324264
860176
671280
871803
952589
610946
868343
996027
719046
341829
27456
944001
611946
984539
335392
253569
180612
752169
351356
904114
209431
275667
665092
383121
325475
238336
309341
925273
879902
531740
493842
850006
5510
546139
459862
848401
214360
107765
295675
478049
261070
988400
232085
814343
423875
690359
249985
961538
609563
45664
820901
143375
962093
834255
728330
948464
766776
309298
926503
838130
661431
730767
653561
659936
845429
798435
237641
807969
426626
916701
414298
119176
282972
315121
679625
132795
491731
403166
352583
150807
669191
879153
198814
857153
724798
127735
836555
953470
342017
743758
797749
578544
53845
583614
930464
636823
259927
500348
642688
286207
413874
178420
920655
611962
911341
454798
11186
43592
937136
494258
438835
29181
327399
547764
71917
211164
270915
330456
29063
419832
890298
723328
55463
591758
408449
272680
813358
762526
496342
328244
261486
547158
685851
462369
929516
450041
527862
707331
737978
745800
37421
496569
65825
732804
321619
629472
50751
538948
965901
693173
238266
431429
950259
818764
623567
836473
707399
491557
191271
473520
853729
994543
485936
137564
629892
775776
541899
68809
100922
867282
365094
834918
908842
869436
572355
701596
460163
606308
899293
115018
890890
996103
157896
955034
240347
730643
970897
21408
386928
77979
219439
118968
484867
133460
114814
472908
779411
842893
681801
272776
997326
231278
809395
486779
435549
321347
200103
625034
160128
952509
825669
287212
429537
175236
822610
448634
598807
939730
505944
735873
946948
529053
759772
736725
222922
895093
835972
973121
840232
523547
862050
520802
180330
885237
164457
235527
875774
280346
773079
115485
704046
560000
811266
147643
319640
75301
591017
28922
995391
600346
887510
135117
413083
821582
135629
429696
661285
909367
288743
306179
838846
692858
542423
367992
914994
977985
145256
866111
712352
477098
927046
278033
34734
494864
838493
518305
373383
158130
702842
969591
809910
119306
216942
67922
600768
681315
826848
200063
690185
435428
997209
165220
247378
580876
892868
84292
912642
911623
415560
74086
88143
821438
13254
488934
386848
348644
795437
631465
135077
879127
980609
72574
261360
452374
758853
565967
903416
306794
964108
604071
96619
322534
510077
573624
459964
330623
882224
150498
790533
342388
404421
296308
109678
930037
939549
744464
902686
554791
19510
729791
619690
618487
330923
345799
175451
341433
532481
118437
993307
266432
881232
300542
215220
476945
808056
151450
272945
542378
151164
835218
441023
488492
379487
22086
760091
913413
59296
187636
537907
100148
525707
873033
561828
108923
695213
117175
842602
265449
787522
39323
161731
28582
454478
100038
83342
920840
983895
250423
77017
246434
822819
478110
355431
458018
289363
843506
719122
465485
448537
947882
69426
546672
113054
153793
954744
626603
500898
411841
709790
97074
369919
873892
352272
820436
708695
77928
700117
243036
576344
28803
144253
662154
729607
469729
786592
201044
688376
193332
132244
624381
320581
202924
808535
659752
994810
115016
843941
214613
936877
56950
7613
837167
485515
861493
985920
628397
272967
906733
452677
858633
32303
892079
355879
352455
934522
498063
765498
408773
85956
211163
204124
744703
907968
853443
296025
398908
529816
406887
587798
791116
771818
660494
897346
995243
702391
106084
728078
836066
761679
657091
74778
346417
40733
246693
235861
416271
667613
167915
191154
26760
99256
706157
865474
122622
286130
155093
918621
175733
973878
777009
965184
906618
259861
744724
504729
666231
367481
514720
144508
788000
474080
186470
143579
925126
170688
544504
497211
215501
865600
606264
874168
635142
641136
292160
557330
674596
716585
415061
505004
736583
268147
791835
807730
981405
983781
586636
485998
685027
773668
216353
706028
259835
305520
823833
726164
453738
476917
658772
201192
966468
613986
719173
892605
645545
78290
325449
367657
263077
872576
432419
166133
175470
572929
294810
397658
798924
368942
769840
178758
577609
268753
810309
661173
535524
83763
270594
611200
379501
946070
871812
430790
226480
864723
928262
947863
248400
757334
784733
426945
955238
214918
336352
985862
950072
903804
432212
41397
294983
999550
510419
78861
448489
667971
806018
99916
279327
668746
321249
762089
593976
826832
141562
244424
151833
743439
534429
816052
144970
985527
897963
827311
707569
746975
301044
402496
272935
576770
349520
435277
642081
348484
822773
382624
107358
210826
882764
965046
607921
825270
60145
728388
275710
398791
608718
676017
16671
892873
968099
780323
121382
797861
736010
851711
220198
914015
523808
173726
279198
572369
599481
231721
806098
740940
178852
120995
969717
671239
177294
575606
404552
1889
668132
346265
562465
34602
404093
810489
955602
952332
714768
722170
730703
667093
401966
756410
136379
366011
611621
482434
474049
373686
949464
396516
475771
318409
440692
755748
468389
225092
960399
898315
457758
447283
838280
114113
917993
497155
469059
167750
187805
505458
63087
345757
309513
267841
691105
244696
744709
599394
384087
214711
723359
968897
972784
425349
505384
789076
699879
542374
118222
623195
